0.718423913551441 0.695605549458478
-0.879657300682103 0.47560806695921
-0.965717593416243 -0.259594934015169
-0.0273469175430015 0.999626003113613
-0.920430255810208 -0.39090682289921
0.448573311323219 0.893746040197395
-0.715712234773118 0.698395301384587
-0.999608197309561 0.0279902102801958
0.310750792277519 0.950491422948621
-0.451915563829477 -0.892060717198491
0.0570916147391726 -0.998368943590732
0.940082888566699 -0.340945981973817
0.981289111815414 0.192540071238472
0.773688385327847 -0.633566320450187
0.115897550442984 0.993261173006031
0.997462554496097 -0.0711930641152649
-0.305536185805209 0.952180465649031
-0.341051532731196 -0.940044601081088
-0.658505877510065 0.752575583768634
-0.268301261841639 0.963335057440652
-0.7836830590108 -0.621160899461222
-0.733362042600426 0.679838300239793
-0.0630207517176602 -0.998012216785416
0.451425783573662 0.892308669645715
-0.353433817126202 0.935459532482086
0.999412129788319 -0.0342840317345609
-0.999462835243095 0.0327725642547784
-0.788428899604369 -0.615125897901108
-0.0569443632847723 0.998377353253814
0.710523489017436 0.703673483623257
-0.449818457863014 -0.893120011513425
0.0653266819992104 -0.997863930913917
-0.899307900407711 -0.437316018760203
-0.469303807823 0.883036769315317
0.995863997384009 0.0908564731559767
0.719967117352802 -0.694008177135325
0.924000402248095 0.382391496565182
0.967049388003498 -0.254588847285304
-0.600195128670651 0.799853616307397
-0.121776043758216 -0.992557602946346
0.999947854195425 0.0102121932005664
0.57354479236448 0.819174200736074
-0.966870489915417 0.255267420033816
-0.516761740330867 0.856129256438661
0.998449240379643 -0.0556696900055573
0.967339521339389 0.253484221313441
0.751731537345295 0.659469253081961
-0.999160816101079 0.0409592915981927
0.782836741714613 -0.622227157733932
-0.989454223582988 0.14484591617918
-0.695752658452965 -0.71828144780137
-0.0461329557183397 0.998935308414258
-0.914361244660746 0.40489938782672
0.00638521805662749 -0.999979614287396
-0.4683957750759 0.883518759218528
0.591940198177788 0.805981886757538
-0.866723744131958 -0.498788483585859
-0.276493443608249 -0.96101580405405
0.95920059656996 0.282726396963272
-0.893299009298099 0.449462879431699
0.990079021841623 -0.140511673924748
-0.800873652050274 -0.598833360336293
0.613698055548608 -0.7895408137746
-0.755885519897735 0.654703811512451
0.658278109020728 -0.752774821034879
0.640986288830031 0.767552328855762
-0.477025759116764 -0.878889313360377
-0.71395400947736 0.700192596612677
0.997651524550717 0.0684940549363999
-0.544066991595302 0.839041780042232
0.995901491950154 -0.0904445594353635
0.989590757322591 -0.143910156075592
0.887550006219565 -0.460711391718992
0.963837891041289 0.26648924892588
0.976523636600286 0.215410276358748
0.068440772053377 -0.997655181272937
0.63177105866033 -0.775155035743951
-0.0548597270539374 -0.998494071263103
-0.978877049847779 0.204449801372633
0.872248127055348 -0.489063600003555
-0.852252663412745 -0.523130383084258
0.945764702535305 -0.32485247026659
-0.355440492324316 -0.934698912172389
0.12811539150392 -0.991759268401257
0.428800176918613 -0.903399362560416
-0.997730996638375 -0.0673265055308472
0.936352376785386 0.35106157079401
0.774223465498103 -0.632912336324793
-0.762770225884239 -0.646669608458993
0.906242807387677 -0.422757583087639
0.97610015025203 -0.217321183224195
-0.934796067790512 0.355184897825622
-0.019151836733563 0.999816586754656
0.974254221788164 -0.225452237354034
0.778127182423204 0.628106748868476
-0.99610405220897 -0.0881856970991853
0.995991024730443 0.0894532204920688
0.821089910383294 -0.570798877948051
-0.169295211727686 -0.985565386611197
-0.807444966606219 0.589942900544012
