-0.963269589062982 -0.260925965604746
0.994934980517059 0.543335790923667
0.87529964445602 0.632424832640973
1.01513858092662 0.446660802105971
0.701779693958883 0.725819534339066
0.786727669771048 -0.448727264308493
-0.706359349381552 -0.808476090047388
-0.197822650529039 -1.03185190943865
0.864350029037403 0.383784728960851
0.00417410810602746 0.943079333797639
-0.845488323083448 -0.579983194055391
-0.361642484210641 1.0498345631458
-0.215368741134825 -1.08287806574123
-0.247780945565644 -0.986624127027879
-0.0555587611068808 -0.931134213522494
0.864713005342443 0.543489680047185
-0.035805934503495 -1.04978140554097
0.422643482138924 -0.875431689225787
0.642371144062851 0.744944953697218
-0.856684382970912 -0.43704588906841
-0.698335346012308 -0.635262693406546
-0.80685411948944 -0.777024830678876
0.369276218106787 -0.994777096376833
-0.968068428944123 -0.0248195943218843
-0.944054426847811 -0.0183339005519382
-0.957522020754378 -0.293636915871932
0.617762487613172 0.913079674890784
-0.610102645909481 0.739885897551475
-0.525407125600371 -0.941118186606918
-0.983661210439364 0.246101369577662
0.402532647619978 -1.16800664437238
0.833661241007811 0.609443987823659
-0.37471497829029 1.03751039505619
-0.546906054269045 -0.614957219619238
0.651751995070661 0.622812857256492
-0.188079360153963 0.897157757323933
-0.54248334972774 0.720071834439842
-0.993772361374923 0.0274445165519272
0.591342586759997 -0.76704800165414
-0.0523372144437546 -1.00812951182459
0.960543303949895 0.170087478854284
0.326028992922212 0.918618687988823
-0.983255777934726 -0.143422990165083
-0.96466650708512 0.317610400898886
-0.756439531498178 0.667552909833106
-0.754623855730215 0.709746820371749
-0.299996822316298 1.17683241684882
0.500518972242429 -0.915955507747823
-0.317215676242147 0.937187328616979
-0.102994289768471 0.930063103623038
-1.12045435237024 -0.119119163931952
-0.381583016521935 1.0100788356264
-0.914300742565101 -0.496295309090849
0.313562887672521 1.07567899203094
-0.245865040426791 1.0558907436207
-0.904751816661334 0.141886256321312
-0.702036471817279 -0.872171500069834
1.03541655842352 -0.254069477047358
0.139977939136781 -0.912174996888299
-0.90302349657695 0.349552267871206
0.603817635131524 -0.686932185368053
-0.702625680449539 0.787157683441398
-1.03028515281062 0.214209053576326
-0.862448703663443 -0.723713001358193
0.927034661241745 -0.420702311343667
1.05520012111173 -0.459348663129611
-0.984731480938166 0.00505433098165621
0.892647649596106 -0.185461133547391
0.497262301420266 -0.892144773894862
0.545655756889154 -0.68921146466873
0.849265326061135 -0.303829558404179
-0.0179621633863444 0.938088020023781
-0.924413488126257 0.226818931655255
0.693705865200599 0.661262587832748
0.883576197363979 -0.710943387873323
-1.05958590418282 -0.0635453958890193
-0.366002838444112 -0.789420742353202
0.321928878524723 1.01266397921444
0.0863664613379111 -0.928717914350855
0.803203229254654 0.814822640266962
0.024089514833806 0.985787816142091
-0.554998327255375 -0.755124927041448
0.957536710396034 -0.0687557465263688
-1.02197206625365 -0.020982275137642
0.366122065928241 0.858522883644093
0.44459239581666 -0.896177399875774
-0.588019875087777 -0.836240652748841
-0.085285049888907 1.05500577172434
-1.10636085621919 -0.3494177033629
-0.038847096702064 0.9003752684793
-1.01768578765719 -0.439309165293509
-0.146479672126939 0.955213684856252
0.630942405060775 0.579406081286589
-0.250240251396651 0.770335666875941
0.336884904765837 1.19539279947667
0.718345614762413 0.453291484379954
-0.487736799188604 0.801770863758327
-0.493592192030329 1.05826563863472
-0.915847112372525 0.262896670239098
0.641185705961179 -0.631303391403572
0.602605686902399 -0.688010773630794
-0.927973112144544 -0.118893215154982
0.119522725695967 -0.900504282218886
0.618413641485005 -0.932459710134173
-1.09562627761686 -0.415841844291971
0.492486257503062 -0.840936700310711
-0.339521309758476 1.02594620280636
-1.07603329147657 0.062808533780214
0.201731739040679 0.868160645380335
-0.00944806120778559 -1.01627958790201
-0.0971079148060875 0.8341288916595
0.327587197906396 -1.06752300059402
-0.917915693933192 -0.255473758463728
-0.936431529427181 -0.351837958584158
0.606866082526334 -0.931008436200943
0.781202079617057 -0.6051923012553
-0.459393614006777 0.896022520437607
0.896078080217658 -0.123890024285589
-0.983656558903582 0.262707432307555
-0.0112029643035415 0.928756359543487
-0.354549637544613 -1.08369605986868
-0.0797035454961411 -0.992786358714885
0.625772492561662 -0.831127761557312
-0.509334628614483 0.829212916037824
-0.830104081372057 -0.896431729007034
-0.185548010236656 0.905355143319134
-1.05813354355582 -0.0383768967220501
-0.899872863570001 0.499563493290142
0.0402759475956831 -1.05135001457314
-0.758376548867678 0.435857677984127
0.9027113066261 -0.32997421610205
-0.843035029958512 0.29691627639633
1.02230796847919 0.0923729366731694
0.369655068865517 -0.806945601298723
-0.195627634536035 1.03851087213015
0.00823668826953133 0.930439001260845
-0.949658779901009 0.177891108309978
-0.62171581786708 -0.844006400441316
0.818105473985041 -0.843895515231398
0.250682119135938 0.885396825461001
-0.762395041285906 0.908867518855378
0.77097188372729 0.704736941191074
0.322958547407169 -1.08145276638931
-0.312402789267683 -1.25556755024795
-0.988897120868152 -0.186769382136155
0.903010063655741 0.0070954191801053
-0.413540494342737 0.950063846313325
0.736157409156051 0.712126362710028
-0.211988003746756 1.05957140612358
0.83039919604427 0.205123368798654
0.136527904448071 0.97290176752701
-0.755922060045544 0.651028702562852
-1.04486401279098 0.0173131265349706
0.469286318534656 -0.761530900712436
-0.970885814488566 -0.344138454174786
0.552626258939545 -0.759317287058528
1.034089616269 0.0806009434361595
-0.784618847629162 0.810553194223179
-0.0538041848911676 1.012210716901
-0.0276643290055362 1.00865146787394
-0.390272264175728 1.16802146830382
-1.0429911010213 0.234111566664809
0.660499787300772 0.602575469206525
0.715292930070435 -0.62302058551431
-0.933949373507309 0.243143193069339
0.0294044020554986 -1.06439094682093
-0.912745069385773 -0.587739377768084
0.0677047435422903 1.07786336301958
-0.558660586232413 0.768390741630127
-0.481834498764682 0.912271225987971
-0.666148797596746 -0.702112960862946
0.811500622953139 -0.467580536383187
-0.946911529375084 0.550743896241915
0.305057317696224 -0.866742921288514
0.715298390229797 -0.717905074090145
-0.84751624234294 0.576697212890603
0.833453811689793 -0.221788293104607
-0.253695576107711 -0.808465913740413
-0.31210221873206 1.2006011620956
-0.879724060331057 0.396699974162737
0.740390971107708 0.376705026469802
-0.842609460125873 -0.522872615048762
0.115633005142753 -1.09861607764157
-0.116750123186491 -1.02090626339805
0.785448198718039 0.483978666427805
0.166647759402878 1.12809073960012
1.09798379670629 0.170058208144061
-0.876259721081301 -0.237480816456417
0.397869803905716 -0.738265458122084
0.663049737911756 -0.901569338652991
-1.20116360239321 -0.0289136566678299
-0.817738899259487 -0.635101898991344
-1.00576705801002 0.0299995452065568
0.830923019186696 0.307907253247344
0.860509959321745 -0.0928565403039413
-0.7443639254841 0.6974350899309
-0.793539663992592 -0.610833372798837
0.477339075905751 -0.723044314752698
0.865133622486681 0.687615130555661
0.847909595428966 0.558480358528384
