0.00156063156900965 -0.0558464642311849 0
1.46727323944269 0.884112956414923 0
1.55499838259561 0.831851426227219 0
0.886262496060173 0.993510835470624 0
0.51362828437767 -0.873751998133676 0
0.21315545825241 -0.617151251414129 0
1.70249700965257 -0.711686694711368 0
1.90697767378097 0.421178702290194 0
0.788744789840252 -0.977430936782932 0
1.08109051110882 -0.996706741729036 0
1.96784888241622 -0.25153238520252 0
1.29843376591167 -0.954430347046749 0
1.7368596561388 -0.676045743389465 0
1.92692082218861 0.375256964483259 0
1.86315882840709 -0.504932507314494 0
0.276903266337222 -0.690746779772604 0
0.223953234765662 0.630675366705661 0
0.579162143335752 -0.907135876480608 0
1.12577057819782 0.992059353899647 0
0.29837253202383 -0.712543960876344 0
0.0211567925008836 0.204611766848444 0
0.0341944638039374 0.259267557270546 0
1.81507630943524 0.579353613777835 0
1.95982794812435 0.280589219321423 0
0.522134810620077 0.878433185153482 0
1.43645817007756 -0.899724549944341 0
0.002864795201171 0.0756398264857695 0
1.91146104903197 0.411386382975355 0
1.96801904723794 0.250876711124328 0
1.81841425880611 0.574628663558342 0
0.315376610854334 0.728896985200722 0
1.71281810010256 0.701348954633984 0
1.51115654214344 0.859487631920298 0
0.0486603732796662 0.30814430812789 0
1.90004034344954 0.43580658572725 0
1.5772998177545 0.816532253141677 0
1.96418990490565 -0.265212796218507 0
1.36573949039512 -0.930717263816202 0
1.99646052617074 -0.084061999640292 0
1.17298833717608 -0.984923872794774 0
1.9375477838749 -0.347856512015036 0
1.77965248781331 0.62621242262232 0
1.80870454931108 0.588215055845707 0
1.21943944713164 -0.97562612154583 0
0.549952766236477 -0.893004752160816 0
1.27127456847001 -0.962502004414229 0
1.93580668399469 0.352513617028983 0
0.0394532821196204 0.278118684681972 0
0.0384116546671917 -0.274495635885367 0
1.40962598956795 -0.912253555033074 0
0.414649900630033 0.810780649231079 0
1.30024693681275 -0.953861508257126 0
0.957364368711146 -0.999090688048188 0
0.095499855442207 0.426473315102987 0
1.81411653798775 -0.580701526237743 0
1.53667470873988 0.843789225457971 0
1.99606867169077 0.0885844302131756 0
1.71954006525826 -0.694450930223395 0
0.839431031415451 0.987024622959171 0
1.08775406359097 0.99614217073833 0
0.151474865620577 -0.529155077766794 0
0.880585727085594 -0.992844515231022 0
0.000715944175154526 0.0378335271187766 0
0.179590805903253 -0.571776839546275 0
0.452272318811971 -0.836656672273869 0
1.99994037221351 0.0109202572090119 0
1.84884689043259 -0.528638777051899 0
1.69804167868929 0.71605713096976 0
0.119301465039685 -0.473677200758865 0
0.632106294278619 0.929867851520091 0
0.346370558055278 0.756814741282853 0
0.222092920602198 0.6283793247894 0
1.92415557508011 0.382016325630654 0
0.601433404703267 0.91713939459254 0
0.919881599037972 -0.996785353938995 0
0.803559711315476 0.980515789256624 0
0.357499808066619 -0.766285523395535 0
0.781294319825073 0.97579087178515 0
0.00310932327788638 -0.0787970726900839 0
1.3527231513715 0.935727726684724 0
0.470445593954575 0.848275975751923 0
1.86032476046471 -0.509746315858517 0
1.76118778159132 0.648531542144314 0
1.46932618182942 -0.883024877933468 0
0.0909574191504179 0.416703235171424 0
0.365023296167345 0.772531284537925 0
0.393083433901212 -0.794765551464616 0
0.0909675961289218 -0.416725435643625 0
0.137831089235382 0.50662093256295 0
1.70532369640867 0.708885380921635 0
0.0722309115301796 0.373154818379555 0
1.48509434708366 0.874461819879791 0
1.85184612638164 0.523792112358128 0
1.67502435894196 0.737795442405953 0
1.30975171708721 -0.950817476575565 0
0.770223235145949 0.973243360282107 0
1.65601482591925 -0.754748003093837 0
0.300202235455794 -0.714341017119227 0
0.252243534749573 0.663973093337514 0
1.81309162646221 -0.582135728998861 0
0.158409431793109 0.540116020411543 0
1.47426002248492 -0.880384819878557 0
1.93740186301777 -0.348249547323201 0
1.46067923102618 -0.887566699522423 0
1.9965545824237 -0.0829395216426957 0
0.664776863901317 -0.942138763147003 0
1.84955765838077 -0.527495767837599 0
0.14997682563662 0.526745292380674 0
0.910347712849092 0.995973125846582 0
0.0394518845509815 0.278113857812477 0
0.168437994787814 -0.555431932362092 0
0.435216928844716 -0.825239409224018 0
0.28380048170941 -0.697895586746561 0
1.51024528531068 -0.860028923245155 0
1.94158732157635 0.336768935394393 0
0.062267917595081 0.347359383964986 0
1.94946473836177 -0.313873717612047 0
0.685721502546447 -0.949330830658279 0
0.138616481078651 0.507955148936079 0
0.625072131409539 0.927053986213432 0
0.140903492987353 -0.511813629789858 0
1.86670296847041 0.498824582839073 0
1.8861059093403 -0.4634828124453 0
0.288997667482337 0.703189649493252 0
1.56401590729566 0.825763922872299 0
1.90642760615653 0.422361213651701 0
1.90283285268692 0.42999167446499 0
1.28949334872763 -0.957180025409255 0
0.348167362429742 -0.7583628502229 0
0.263608190326622 0.676555321201428 0
0.484752168437454 0.857041231254421 0
0.0059621894854901 -0.10903591732782 0
0.012819498374036 -0.15960782314633 0
0.355057268985468 0.764230903399958 0
1.40966728953565 -0.912235009131155 0
1.99998870525904 -0.00475282593239141 0
1.83889775341833 0.544289040225574 0
1.94141303649751 0.337255829768053 0
1.80080583146132 -0.598924052194891 0
1.53538983098253 -0.844605072729554 0
0.8747786266192 -0.992128826135309 0
0.107790214133314 -0.45162118861245 0
0.553377395189536 -0.894722442365406 0
1.90995012520534 0.414717698728657 0
0.34392975050609 0.754699826241532 0
0.923728577393275 -0.997087092531814 0
1.85476539504263 -0.519014565727803 0
1.41726353417671 0.908785531930589 0
0.471921292403418 -0.849195430147339 0
0.825567970559095 -0.984669217100406 0
0.908982917131588 -0.995849331287683 0
1.14715616697813 -0.989113270824077 0
1.18664068483865 -0.982428244078395 0
1.99415255347738 -0.107984723060291 0
0.0208528796318338 0.203152446883437 0
1.17303502670441 0.98491567128024 0
1.12279934233177 0.992431519815289 0
1.08196466489386 0.996635236036153 0
1.22331610520298 -0.974746078297816 0
0.165317507911221 0.550731456701417 0
1.87934142866246 -0.476191822523096 0
0.62604471271142 0.92744673330004 0
1.89663679781696 -0.442766815378638 0
1.33807151137018 -0.941120424387806 0
0.0261591823000497 -0.227231295779195 0
0.00767810346346232 -0.123682066825102 0
1.23431710072239 -0.972160221521665 0
1.68976870230814 -0.724029790351298 0
1.60333142004167 -0.797490562696827 0
1.73854965643698 0.674199084081863 0
1.30536132073913 -0.952236558737613 0
1.99995314818686 -0.00967994995783176 0
0.104196216633648 0.444449751610381 0
1.60339284891098 0.79744408574087 0
1.31795267543116 -0.948106584823758 0
1.72835044184522 -0.68520481161757 0
1.47317172869947 -0.880970212413314 0
1.54342811108309 -0.839455709424069 0
1.12398348766963 -0.992284281234603 0
0.752133549787985 0.968794210789523 0
1.77339980648295 -0.633918558911266 0
1.937754943941 0.347297660680596 0
1.08536677369946 0.996349594242977 0
1.7167534115426 -0.697326714705561 0
0.176380015081853 0.567142063722513 0
0.443841505682425 -0.8310762475239 0
0.72487822155383 -0.961409385758542 0
1.99005564392139 -0.140676301982283 0
1.81542841195087 0.578857931606089 0
1.05346406150024 0.99856977429116 0
1.91004825799562 -0.414502313768133 0
0.0533414279642737 -0.322238340349623 0
0.130681535991246 -0.494252372916367 0
1.10576113993084 0.994391563359489 0
2.02516493019722e-07 -0.000636421986569738 0
0.160735272941995 0.543723015805155 0
1.93951765670774 -0.342500471144773 0
1.6431833775363 0.765712180170197 0
1.9564285516346 0.291966480298933 0
1.61015568095147 0.792281544025008 0
1.14987512258541 0.988704934563395 0
1.23519133601058 0.971949090984481 0
0.994670684884466 0.999985799099367 0
1.3824471009216 0.923977388790799 0
0.909329551461662 0.995880951601072 0
0.0193538537420385 -0.195788497694345 0
1.7639911775152 -0.645226689372765 0
1.12597429619649 -0.992033505834254 0
1.43842936468886 0.898765649198122 0
0.501834619960345 0.867082034256244 0
1.86872885192195 0.495287978693572 0
1.41444263352406 0.910075438366314 0
0.0122691282573124 0.156165697278341 0
0.493137959051835 -0.862027187184871 0
1.95881149225506 0.284043169816887 0
1.74070657845434 0.671828672084228 0
1.95396723173962 -0.299910854700254 0
1.9837761583054 -0.179400307552341 0
0.759436657888759 0.970633441847266 0
1.42955146208178 -0.903042380746003 0
0.0100152868689802 0.141174600289473 0
1.91253058395362 -0.409008475889283 0
1.98557883715867 -0.169216889656331 0
0.185503649142409 0.580168677575469 0
1.40823093242442 -0.912878691728473 0
1.71645554317684 -0.697632750558042 0
1.52337759920857 -0.852100867648115 0
1.66450155985071 0.747286877280719 0
0.0042513889205712 0.0921124504797714 0
1.91875199344034 0.394835123246914 0
0.157685050263298 -0.538985644938766 0
1.90865183211489 0.417554604805478 0
1.60494808508118 0.796264914683934 0
1.99615185776725 -0.0876440315529591 0
0.491284811702152 -0.860934873956843 0
0.759295512426208 -0.970598449237293 0
0.000895291428947065 0.0423058070618139 0
0.0141995221897353 -0.167920868116663 0
1.87931964622404 0.47623204403361 0
1.2512868558113 -0.967912659332686 0
0.260691314538646 -0.673366666535703 0
1.28255187654387 -0.959252019576472 0
1.41007431892211 0.912052110879948 0
1.86057395154348 0.509325508810277 0
0.0752645390542391 -0.380610466578931 0
0.0134001731182822 0.16315876193746 0
1.22579395523172 0.974175081687485 0
1.62680736555514 0.779174259383503 0
1.89398141553447 0.448104037784727 0
1.76256975689623 -0.646905994613765 0
-0.270334834999825 -0.650203224020015 0.211718006931968
-1.04641828759441 0.749406113336798 0.660481506077375
-1.23048269575182 -0.242425038300508 0.942394730335422
-1.69186340263654 0.33643612441296 -0.638855043247036
-1.10710775966803 0.0878944321366688 0.99035473271867
-0.784565223289302 0.563403068053144 0.797599423201845
-0.999692171508048 -0.000143139933778744 -0.999999942376288
-0.798754805214981 -0.304927821570262 0.930870235429383
-0.816895449760039 -0.0407189633685381 -0.982249810233432
-1.30802234110294 0.934060305255678 0.180703025783001
-1.67156485119874 -0.398415296911003 -0.624712655403851
-1.15344368670339 0.713424152616437 0.683725832095286
-0.952037674535495 0.966764666828027 -0.25112884005811
-1.33876333812749 -0.882170069974545 -0.327132035089548
-1.65786979329658 0.125885318336986 -0.742536343686358
-1.20494611766249 -0.7173220867599 -0.665917496917972
-1.1565413952504 -0.385015265198836 0.909537265392093
-1.55697525096171 -0.745799173723727 0.365461574299064
-1.23232430678289 0.535330622350044 -0.812063138710388
-1.24094818510536 -0.122970401046005 0.962716080971444
-1.27858988419393 0.567846496878184 -0.774556668299995
-0.152036282292083 0.458977405705308 -0.265136331918115
-1.04559823433883 -0.162724915264662 0.98561727002792
-1.01992503269984 0.0576276912884346 0.998139290013511
-0.95900445784031 -0.177093851890647 -0.983339785194094
-0.190770142578941 -0.194472004044328 0.55437142558151
-0.98844250794968 -0.0119780745031771 -0.999861465458442
-0.789208314602387 -0.228337955061537 0.950488634148536
-1.03011038055985 -0.577514658546557 -0.815824848939032
-1.36262093238153 0.859879698562654 -0.359322923563951
-1.63948684846786 -0.109349397774233 0.76098572906662
-1.01335215877751 0.776826516240444 -0.629573096249924
-0.253267181096933 -0.665122466749978 -0.00148371072101349
-0.0865088950134726 -0.404677143498782 0.0420762479334788
-0.892804692131933 -0.309262611768038 -0.944915764993622
-0.0815262248184199 0.0452201439790648 0.392888104785839
-0.144843539857665 -0.381776989921011 0.350647627460508
-1.44448864274325 -0.420105501014801 0.791164467408242
-1.62046664342691 0.725946921381328 -0.296685374987564
-0.621627165509987 -0.705550342817987 0.599193384367196
-0.00159435061590674 -0.0455818725359978 -0.0332934253875891
-0.742178269106121 -0.964009564215224 -0.0649115951156568
-0.401516798036402 -0.224727754203571 0.768970281258007
-0.794158976573843 -0.280448594222877 -0.937538297390184
-1.48895114955858 -0.767818110782195 0.413983238912162
-0.405291378768775 0.277095009544151 -0.754678747228901
-0.379235080730703 -0.419497707285448 -0.662323628286683
-1.19563746123414 -0.14187644411176 -0.970359241914078
-0.324374425118936 -0.0963723765184274 0.730918906316441
-1.37070547153607 0.870110240647002 0.324785502284873
-0.215965336253504 0.254587261213552 0.566105089600599
-0.732462065333983 -0.314890936988471 -0.910641066127135
-0.727031781439667 0.961216170941626 0.0393932021587064
-0.703041007151985 -0.93924959812328 -0.172120739575304
-0.920674120632745 -0.050236423279003 0.995582094374314
-1.01324451667541 -0.20639076752459 -0.97838000483383
-0.388061741119687 0.104793078087487 0.783932381078548
-1.04662088939908 0.0248767132292867 0.998602844884064
-1.41934752591887 -0.422835450861688 0.803341667038572
-0.801237516649862 0.423791637882659 0.883682139048436
-1.35751782848512 -0.121591874055719 -0.925957028419193
-1.58683101965645 0.809303543222782 0.025634533270992
-0.87814398493358 -0.991533914580736 0.044850951253382
-1.93711957753261 -0.348864376444684 -0.0100271757223646
-1.02717312569437 0.0786491327913617 0.99653195390372
-0.931444344436056 -0.0714035830111286 0.995088765097552
-1.18499463038512 0.664753273734878 0.723795600834542
-1.11115816031848 0.953323023122797 0.280747354357297
-0.94849996672205 0.858407381740416 0.510376834844542
-1.10723697776878 -0.574157634233993 0.811691592693828
-1.74216656539283 -0.0471857388251198 0.668552387823525
-0.314224707421275 -0.580700897813455 0.438746755392232
-0.158241385911866 -0.524121675732735 0.129378918821937
-0.970927391207584 0.225415597999941 0.973828830748162
-1.62185127793128 -0.104945642613241 0.776071775180449
-0.0923109343403412 0.418468509859654 0.0313793935208495
-0.113398508313928 -0.449554839462458 0.108803682179947
-1.04466505190353 0.87058316515188 -0.489989781212414
-1.95103541995579 0.230891789019614 0.205476547938767
-1.2251382990067 -0.928581857855269 0.295039793218521
-0.29664832264522 -0.0869210597718849 -0.705507723083418
-1.68576753926336 0.362312034304668 0.631231234882025
-0.838925048005493 -0.985355486879485 0.0559412577304119
-0.993580441269671 0.0336464907457 0.999413179283827
-1.6308531933838 0.336365882412455 -0.699201145269625
-0.500809831095845 0.846725198690373 0.184026120896435
-0.921572103101402 0.132444477215527 -0.988082752325517
-1.04467816836565 0.803136574100057 0.594117416521612
-0.25989823251495 -0.484441675018053 -0.46643931788734
-1.98100230582345 0.15558378810882 0.115879941520465
-0.222978040505198 -0.378362689856841 -0.503069129829245
-0.0531048642628085 0.157356787004761 -0.280407638092802
-1.97286033194279 -0.165940046312829 -0.161265853676026
-1.08083985872941 -0.220240875990021 -0.972089951487905
-1.95218683276561 -0.230958886981395 -0.199995570031201
-1.23722042720378 -0.788432769355764 -0.567538753851449
-0.46593092309885 -0.767918513925256 0.35365431860615
-1.60311757425194 0.399863965818316 0.690186931539931
-0.691296700124619 0.324680375986332 0.894027363169285
-0.846259158182435 -0.170884054286792 0.973222684460106
-0.81329188219922 0.844618878058467 -0.501755946227392
-1.56713331984156 0.545776049585572 0.616837337735208
-0.899820006566703 -0.206286349431595 0.973349839961917
-1.15152040824896 -0.977905104445122 0.144024902653133
-1.14760052165456 0.787968960249995 0.597761661274661
-0.262434426445313 -0.604890159223983 -0.300174815700669
-1.03883173423106 -0.981361894903989 -0.188204483599779
-1.15641729496016 -0.365272275275812 -0.917665404574116
-1.88374722532974 -0.0758171400702537 -0.461781986432503
-0.0977325469530802 -0.421199283020238 0.0922204269967455
-1.10405689131314 0.108934433375176 -0.988587604916972
-0.934039629532291 0.0150640972600627 -0.997708525823801
-0.99679394630657 0.122768682255929 -0.992430134506635
-1.03367316494006 0.286043149576715 0.957624892399499
-1.34285463653408 -0.0627284214574233 0.937291759991809
-1.14401529161671 -0.055474100548854 -0.988019341890051
-0.767874481733178 -0.18385403497438 0.955152049462806
-1.68466765687306 -0.106815983133403 0.720985814963929
-1.39849360305311 -0.466460092069625 0.789694770675447
-1.11291994643518 -0.344626480684547 -0.931923641994375
-1.33518105911886 0.942090924439232 -0.0108787727795877
-1.44681803737661 0.894143637563737 -0.0293393401290173
-0.39289147447319 0.536427444102005 -0.586229336903957
-0.00504148433390827 0.0818792638892119 -0.0579080154079586
-0.692495389123103 0.9459225054776 -0.103303087661641
-1.30680422547415 0.13048876578104 -0.942785155396576
-0.467889072576204 -0.707660972693523 -0.46483750778379
-1.72418165048164 -0.551870769667862 -0.413520967656889
-1.19137378696073 0.565224500981306 -0.802432138660175
-1.92170909276614 -0.0571892716375757 0.383642718583038
-1.35503643925803 0.103859677030293 0.929065279884111
-1.03776429097621 0.410368111635332 -0.911137679651059
-0.644222475089175 0.380206342456475 -0.853736194573123
-1.11998809617481 0.137768351871206 -0.983169740176657
-1.91551725527253 -0.204426703488909 -0.346464829670924
-0.954764400964461 -0.246211917166938 0.968159817604964
-0.502213264602183 0.430393664328038 0.752973877215052
-0.263174466006924 0.391739637528723 0.551024671720498
-1.79414011099747 0.490701837768203 -0.358543150144904
-1.67496680925618 0.236656833699568 -0.698865759259833
-0.794724309408113 -0.0469345221341182 -0.97757815108771
-1.56500637441283 0.0740077331307373 -0.821760702583009
-1.26079990106548 0.105994728020569 0.959556423164414
-1.50152093245581 -0.853275258071902 0.142821876023876
-1.28617411709894 -0.776528066327911 -0.561345292050873
-1.11333883978222 -0.940475541844624 -0.320406090124519
-1.90476532782555 -0.191129738634055 0.380616768645839
-0.757527595292289 0.290796813795026 0.925550833850805
-0.0878288453888926 -0.362563758299392 -0.191026976794534
-0.26546012282523 -0.343445827342598 -0.585231691316382
-1.3623527525812 -0.596591030889564 0.716086324795381
-1.87836651353449 -0.452862259283473 -0.152931494525897
-0.244334988582338 -0.139572409949024 -0.639914004300708
-1.26841226097227 -0.18371652116005 0.945623126838913
-1.4488918339854 0.199574335649307 0.871014469415613
-0.392291048512508 -0.525979497593599 0.595008738081348
-1.71029057321233 0.668274437081757 -0.221125707118722
-0.642359387882208 0.0223406199713813 -0.933592035775427
-1.65305903257251 -0.577309128567632 0.49013066630026
-0.872996875217863 0.962327098957023 -0.240409569086868
-0.731615892876917 -0.321020116700001 0.908248895247147
-1.5661192634938 0.532307794253427 0.62941035237617
-0.1162282884971 0.464658707678195 -0.055134810474546
-0.0784889222894057 -0.0616682959585495 0.383424510080182
-1.00017987701893 0.0140479120629632 0.999901307035314
-0.587486956314395 0.601757051106274 -0.683901630523805
-1.27704242767144 -0.442129325136793 -0.853093871226372
-1.72830632921536 -0.494323996138192 -0.474566831612596
-0.908127364986365 -0.0758462282761415 0.992878023017901
-1.09695123311856 0.705685691991843 -0.701860500751242
-0.679505203736617 -0.0770724605096092 -0.944109591837244
-1.50971273115534 -0.0773944690637411 0.856856480314237
-1.07133080013561 0.696456411454164 -0.714045085338735
-1.418450813835 -0.907973349131457 -0.0219843960079609
-0.0506416274414389 -0.130533368655181 0.285796641198757
-0.0454048198301717 0.138957567291288 -0.263512497785248
-0.0743303584381162 0.372482938605638 -0.0662734874471093
-1.23566262233045 -0.324572499959915 0.916032652641873
-0.924782098025162 -0.0531050617485051 0.99575203722573
-0.765205936858753 -0.969560157636609 -0.0694611304061325
-1.30424386178067 -0.210425973443855 -0.929062205812392
-1.14181155905697 -0.445269823539825 0.884095167933093
-0.505748977654252 -0.731008318936102 0.470470790332829
-1.54241701293708 -0.409625903318349 0.733478291026421
-0.744826519261022 -0.443832558908183 0.859010567094822
-0.946448091958566 0.0159501206024544 0.998437672966064
-0.723719377171469 0.16968664698812 -0.945978572317263
-1.35417412058125 0.31535425948356 0.880404670214822
-0.997677911269103 0.155494018023434 -0.987834104626305
-0.195881699515237 0.510390024822287 -0.304788092594513
-0.956660887542045 0.125039864662774 0.991204698120662
-0.949387444301508 0.334632237662288 0.940988647499425
-0.665831862828299 -0.935849005306265 -0.111885188324772
-1.63055728585755 0.271715687664731 -0.727026886936678
-1.9262659535709 0.326953911001408 -0.187436718217854
-0.529573213282432 0.411399554155595 -0.780672175230526
-1.54619388171153 -0.403173785733671 0.734250054190033
-0.895688851188346 0.993941654823809 -0.0346290490730037
-1.59263383830436 -0.355000199724421 0.723021432526218
-1.38918154344056 0.165164017560635 0.906233178353372
-0.0874784671215875 0.326605849437859 -0.246237834514127
-1.3874940498407 -0.9173173853767 -0.0915269131114137
-0.516125786217824 0.59793253275118 0.639016769353075
-0.481558482608172 -0.273243007445787 0.810281834873793
-0.400513896350117 -0.531785687005929 -0.598180904598529
-1.65017846651914 -0.471058270051995 -0.596130915060144
-1.26826826949997 -0.695404450207421 -0.666666922991687
-1.7488035848467 0.550860822155378 0.368572307607374
-0.89216049123841 -0.153850846540608 -0.982191711107764
-0.708287440148109 0.470284126344281 -0.832908532152993
-1.17050196419482 0.979644639467767 -0.105950274033521
-1.12375607808439 0.109044767146049 0.986303032488106
-1.07891519501926 0.313378820882867 -0.946343545768203
-1.16474456701201 -0.0920444943115363 -0.982032096576767
-0.787296666262406 -0.385834211031861 0.897713347018042
-0.196603669150243 0.556859054207235 0.210860924129084
-1.25304847495033 -0.631398163696646 -0.733009432549007
-1.75726869426339 -0.124842224087588 0.641060483709213
-0.473762382491127 -0.682376100430206 0.50738232870317
-0.411850623352332 -0.0240194771437726 0.808395556313059
-1.3846321620674 0.918926524806022 0.0873621308765329
-1.06387864315365 -0.161481862115158 0.984806136839464
-0.570345871943177 0.430459776107096 -0.79378946289149
-1.55420809198945 -0.0807247309840151 -0.828454530183144
-0.466111121762628 0.43409525566159 -0.725619717694151
-0.9986671706371 -0.00847321896764621 -0.99996321338648
-0.815343806776985 0.742772931203996 0.643576307033602
-0.724663372425135 -0.657859715802056 0.701006658913122
-1.69803289872049 0.658362395950798 0.281618585860007
-0.693107478184864 0.760222067109738 -0.572607534645977
-1.60679067446556 0.694242554426177 -0.387081842774169
-0.375196117069331 0.0645414073226277 0.778109577511788
-0.908828238427769 0.233643774934853 0.968038375440772
-0.518477889171423 -0.220656650281104 0.848202275091216
-1.48745365412049 0.854104695359718 0.181367319131812
-0.869248656340819 0.306282844588513 0.942918291922523
-1.1307551242448 -0.98399878254398 0.121035091753143
-0.725023449523595 0.325643537868257 -0.904623779774079
-0.262820376170387 0.493348262024928 0.461707368976729
-1.5273468056071 0.0456439591380247 -0.84842322906094
-1.35223931229567 -0.0113990841949336 0.935840546115089
-1.01131626641363 -0.0412871761682793 0.99908323537056
-1.00910084120518 -0.0181323362668572 -0.999794175353539
-0.661224008961205 0.35144558802582 0.872763900807583
-1.05415458365391 0.581313864350034 0.811875281175441
-1.09952448634647 -0.145729988223548 -0.984305667539223
-1.00292718161457 -0.0149976975984295 0.999883243521233
-1.46115630504582 0.162165837101769 0.872374405627292
-0.478795191811544 0.530236319362382 0.668726396630392
-0.998085244494462 0.00767397098115247 -0.999968721451193
